20
0 12 45 23 56 34 78 90 12 67 45 89 33 11 28 44 52 16 38 50
12  0 22 54 66 23 11 88 17 29 78 45 91 34 12 55 67 49 30 19
45 22  0 10 70 64 53 27 99 36 75 29 46 59 60 14 82 21 40 28
23 54 10  0 33 87 48 60 13 58 22 61 43 27 66 19 31 72 39 55
56 66 70 33  0 44 21 18 74 35 60 84 47 77 23 64 38 17 41 20
34 23 64 87 44  0 75 11 90 67 29 50 14 69 81 40 32 22 46 15
78 11 53 48 21 75  0 31 27 25 58 73 61 26 18 90 29 45 63 35
90 88 27 60 18 11 31  0 54 10 49 67 25 36 72 24 78 81 33 39
12 17 99 13 74 90 27 54  0 28 20 38 62 15 13 76 41 57 70 88
67 29 36 58 35 67 25 10 28  0 95 42 56 87 30 19 22 44 47 53
45 78 75 22 60 29 58 49 20 95  0 33 48 64 59 16 13 35 12 31
89 45 29 61 84 50 73 67 38 42 33  0 90 28 26 71 54 69 24 36
33 91 46 43 47 14 61 25 62 56 48 90  0 85 11 39 88 31 18 27
11 34 59 27 77 69 26 36 15 87 64 28 85  0 53 26 66 20 44 48
28 12 60 66 23 81 18 72 13 30 59 26 11 53  0 62 33 41 79 14
44 55 14 19 64 40 90 24 76 19 16 71 39 26 62  0 47 58 60 22
52 67 82 31 38 32 29 78 41 22 13 54 88 66 33 47  0 59 25 73
16 49 21 72 17 22 45 81 57 44 35 69 31 20 41 58 59  0 34 37
38 30 40 39 41 46 63 33 70 47 12 24 18 44 79 60 25 34  0 68
50 19 28 55 20 15 35 39 88 53 31 36 27 48 14 22 73 37 68  0